1 -0.0693702 -0.0353579
2 3.16518 1.2
3 -2.92553 -1.2
4 -0.219187 -0.0687838
5 1.33005 1.17326
6 1.21718 0.25313
7 0.178123 -0.984589
8 0.0887017 0.0276381
9 0.290612 0.290412
10 0.227949 0.0388276
11 0.0637808 -0.143196
12 -0.0409195 -0.115179
13 -0.0759852 -0.0561402
14 -0.113291 -0.0696857
15 -0.125181 -0.0479609
16 0.0125572 0.143
17 0.0479891 0.0513718
18 0.032912 -0.00362752
19 0.0449813 0.0271846
20 0.0828902 0.0644798
21 0.112797 0.0655631
22 0.128359 0.0560141
23 0.151911 0.0712229
24 0.1522 0.0481975
25 0.138934 0.030803
26 0.119899 0.0194422
27 0.0972294 0.0091044
28 0.0901651 0.0226805
29 0.101223 0.0442216
30 0.134479 0.0765303
31 0.0803661 -0.0269914
32 0.0205478 -0.0506221
33 0.0554872 0.0546731
34 0.111965 0.0932666
35 0.162199 0.102256
36 0.190432 0.0889147
37 0.0606035 0.0217331
38 -0.0404308 -0.0591752
39 -0.106721 -0.0285451
40 -0.159775 -0.0976748
41 -0.199264 -0.0961557
42 -0.238761 -0.108253
43 -0.251578 -0.0856682
44 -0.245753 -0.0655247
45 -0.233486 -0.0556361
46 -0.223239 -0.0548058
47 -0.184524 -0.0149066
48 -0.139051 0.00535303
49 -0.0965935 0.0149786
50 -0.0600628 0.0199509
51 -0.0265691 0.0269355
52 0.00107244 0.0293769
53 0.0186656 0.0246251
54 0.028953 0.0204346
55 0.0360265 0.0193787
56 0.0467747 0.0263247
57 0.0673651 0.0424112
58 0.0930576 0.0553142
59 0.02732 -0.0558098
60 0.0256861 0.00782944
61 0.0462933 0.0362989
62 0.0525312 0.0238535
63 0.0056313 0.00354568
64 -0.0863284 -0.116088
65 -0.0830297 -0.0199233
66 -0.141695 -0.099629
67 -0.191195 -0.105505
68 -0.192381 -0.057738
69 -0.153103 -0.0056447
70 -0.0630282 0.072112
71 0.011761 0.0792747
72 0.050153 0.0544454
73 0.0715056 0.0438832
74 0.0714575 0.0225396
75 0.0671626 0.0170714
76 0.0511818 0.000642532
77 0.0351254 -0.00421494
78 0.00271579 -0.0302883
79 0.000167888 -0.00119078
80 0.00490162 0.00751588
81 -0.0189368 -0.0282267
82 -0.00663548 0.0115968
83 -0.00471757 -0.000129184
84 -0.0277441 -0.0300914
85 0.0554538 0.101148
86 -0.13281 -0.226926
87 -0.0214415 0.106096
88 -0.0118938 0.0071272
89 -0.0150761 -0.00657251
