1 -1.3234 0.268062 0
2 1.00339 0 0.235979
3 2.46425 0 0.517115
4 1.59872 0 0.336705
5 0.872997 0 0.189678
6 1.75551 0 0.380391
7 1.50304 0 0.320048
8 1.48661 0 0.319289
9 1.28942 0 0.279168
10 1.49059 0 0.32536
11 1.43571 0 0.314266
12 1.34331 0 0.296754
13 1.42835 0 0.316963
14 1.36214 0 0.303572
15 1.40028 0 0.313644
16 1.35869 0 0.305887
17 1.35286 0 0.306432
18 1.3709 0 0.311649
19 1.39379 0 0.317668
20 1.31542 0 0.302299
21 1.35939 0 0.313676
22 1.36632 0 0.316056
23 1.36 0 0.31602
24 1.30604 0 0.306059
25 1.35367 0 0.317954
26 1.31315 0 0.310281
27 1.33957 0 0.317574
28 1.30915 0 0.312232
29 1.35145 0 0.32277
30 1.29527 0 0.311844
31 1.30286 0 0.315302
32 1.2861 0 0.312994
33 1.31542 0 0.320633
34 1.3054 0 0.319542
35 1.27044 0 0.313571
36 1.2444 0 0.309696
37 1.31911 0 0.324899
38 1.26785 0 0.316926
39 1.26269 0 0.31615
40 1.33422 0 0.332506
41 1.25277 0 0.315939
42 1.21151 0 0.309299
43 1.27712 0 0.324768
44 1.25033 0 0.319736
45 1.25981 0 0.323255
46 1.23327 0 0.31882
47 1.22281 0 0.318111
48 1.24277 0 0.323649
49 1.24532 0 0.325231
50 1.18713 0 0.314173
51 1.2149 0 0.321802
52 1.2599 0 0.332235
53 1.19055 0 0.31841
54 1.21397 0 0.325237
55 1.18193 0 0.319456
56 1.2214 0 0.329286
57 1.20967 0 0.327639
58 1.18122 0 0.322962
59 1.14813 0 0.317445
60 1.17639 0 0.324888
61 1.21252 0 0.333405
62 1.13849 0 0.318636
63 1.15034 0 0.321746
64 1.16087 0 0.325119
65 1.18078 0 0.330376
66 1.15489 0 0.325894
67 1.14336 0 0.324875
68 1.12314 0 0.321868
69 1.18185 0 0.335581
70 1.15198 0 0.329873
71 1.10502 0 0.321415
72 1.11899 0 0.325937
73 1.16046 0 0.335667
74 1.09659 0 0.322935
75 1.14553 0 0.334997
76 1.1034 0 0.326764
77 1.11616 0 0.330982
78 1.12798 0 0.334463
79 1.08557 0 0.326526
80 1.11236 0 0.333688
81 1.09145 0 0.33012
82 1.09648 0 0.332482
83 1.09341 0 0.331817
84 1.07122 0 0.328229
85 0.153782 0 0.135942
86 0.0980109 0 0.133503
87 0.797268 0 0.281702
88 0.684202 0 0.251649
89 0.474197 0 0.209153
